% filename: Ks - Fri Jul 31 08:33:31 2026

% type: matrix 
% rows: 12
% columns: 12
   8.400000000000e+04    0                    0                    0                    0                    0                  -8.400000000000e+04    0                    0                    0                    0                    0                
    0                   5.600000000000e+02    0                    0                    0                   8.400000000000e+05    0                  -5.600000000000e+02    0                    0                    0                   8.400000000000e+05
    0                    0                   7.466666666667e+02    0                  -1.120000000000e+06    0                    0                    0                  -7.466666666667e+02    0                  -1.120000000000e+06    0                
    0                    0                    0                   1.346153949867e+07    0                    0                    0                    0                    0                  -1.346153949867e+07    0                    0                
    0                    0                  -1.120000000000e+06    0                   2.240000000000e+09    0                    0                    0                   1.120000000000e+06    0                   1.120000000000e+09    0                
    0                   8.400000000000e+05    0                    0                    0                   1.680000000000e+09    0                  -8.400000000000e+05    0                    0                    0                   8.400000000000e+08
  -8.400000000000e+04    0                    0                    0                    0                    0                   8.400000000000e+04    0                    0                    0                    0                    0                
    0                  -5.600000000000e+02    0                    0                    0                  -8.400000000000e+05    0                   5.600000000000e+02    0                    0                    0                  -8.400000000000e+05
    0                    0                  -7.466666666667e+02    0                   1.120000000000e+06    0                    0                    0                   7.466666666667e+02    0                   1.120000000000e+06    0                
    0                    0                    0                  -1.346153949867e+07    0                    0                    0                    0                    0                   1.346153949867e+07    0                    0                
    0                    0                  -1.120000000000e+06    0                   1.120000000000e+09    0                    0                    0                   1.120000000000e+06    0                   2.240000000000e+09    0                
    0                   8.400000000000e+05    0                    0                    0                   8.400000000000e+08    0                  -8.400000000000e+05    0                    0                    0                   1.680000000000e+09
