% filename: k_002 - Fri Jul 31 09:09:17 2026
% type: matrix 
% rows: 12
% columns: 12
   3.150000000000e+04    0                    0                    0                    0                    0                  -3.150000000000e+04    0                    0                    0                    0                    0                
    0                   4.200000000000e+02    0                    0                    0                   4.200000000000e+05    0                  -4.200000000000e+02    0                    0                    0                   4.200000000000e+05
    0                    0                   5.250000000000e+02    0                  -5.250000000000e+05    0                    0                    0                  -5.250000000000e+02    0                  -5.250000000000e+05    0                
    0                    0                    0                   4.038461440000e+06    0                    0                    0                    0                    0                  -4.038461440000e+06    0                    0                
    0                    0                  -5.250000000000e+05    0                   7.000000000000e+08    0                    0                    0                   5.250000000000e+05    0                   3.500000000000e+08    0                
    0                   4.200000000000e+05    0                    0                    0                   5.600000000000e+08    0                  -4.200000000000e+05    0                    0                    0                   2.800000000000e+08
  -3.150000000000e+04    0                    0                    0                    0                    0                   3.150000000000e+04    0                    0                    0                    0                    0                
    0                  -4.200000000000e+02    0                    0                    0                  -4.200000000000e+05    0                   4.200000000000e+02    0                    0                    0                  -4.200000000000e+05
    0                    0                  -5.250000000000e+02    0                   5.250000000000e+05    0                    0                    0                   5.250000000000e+02    0                   5.250000000000e+05    0                
    0                    0                    0                  -4.038461440000e+06    0                    0                    0                    0                    0                   4.038461440000e+06    0                    0                
    0                    0                  -5.250000000000e+05    0                   3.500000000000e+08    0                    0                    0                   5.250000000000e+05    0                   7.000000000000e+08    0                
    0                   4.200000000000e+05    0                    0                    0                   2.800000000000e+08    0                  -4.200000000000e+05    0                    0                    0                   5.600000000000e+08
