% filename: Ks - Fri Jul 31 09:09:17 2026

% type: matrix 
% rows: 18
% columns: 18
   8.400000000000e+04    0                    0                    0                    0                    0                  -8.400000000000e+04    0                    0                    0                    0                    0                    0                    0                    0                    0                    0                    0                
    0                   5.600000000000e+02    0                    0                    0                   8.400000000000e+05    0                  -5.600000000000e+02    0                    0                    0                   8.400000000000e+05    0                    0                    0                    0                    0                    0                
    0                    0                   7.466666666667e+02    0                  -1.120000000000e+06    0                    0                    0                  -7.466666666667e+02    0                  -1.120000000000e+06    0                    0                    0                    0                    0                    0                    0                
    0                    0                    0                   1.346153949867e+07    0                    0                    0                    0                    0                  -1.346153949867e+07    0                    0                    0                    0                    0                    0                    0                    0                
    0                    0                  -1.120000000000e+06    0                   2.240000000000e+09    0                    0                    0                   1.120000000000e+06    0                   1.120000000000e+09    0                    0                    0                    0                    0                    0                    0                
    0                   8.400000000000e+05    0                    0                    0                   1.680000000000e+09    0                  -8.400000000000e+05    0                    0                    0                   8.400000000000e+08    0                    0                    0                    0                    0                    0                
  -8.400000000000e+04    0                    0                    0                    0                    0                   1.155000000000e+05    0                    0                    0                    0                    0                  -3.150000000000e+04    0                    0                    0                    0                    0                
    0                  -5.600000000000e+02    0                    0                    0                  -8.400000000000e+05    0                   9.800000000000e+02    0                    0                    0                  -4.200000000000e+05    0                  -4.200000000000e+02    0                    0                    0                   4.200000000000e+05
    0                    0                  -7.466666666667e+02    0                   1.120000000000e+06    0                    0                    0                   1.271666666667e+03    0                   5.950000000000e+05    0                    0                    0                  -5.250000000000e+02    0                  -5.250000000000e+05    0                
    0                    0                    0                  -1.346153949867e+07    0                    0                    0                    0                    0                   1.750000093867e+07    0                    0                    0                    0                    0                  -4.038461440000e+06    0                    0                
    0                    0                  -1.120000000000e+06    0                   1.120000000000e+09    0                    0                    0                   5.950000000000e+05    0                   2.940000000000e+09    0                    0                    0                   5.250000000000e+05    0                   3.500000000000e+08    0                
    0                   8.400000000000e+05    0                    0                    0                   8.400000000000e+08    0                  -4.200000000000e+05    0                    0                    0                   2.240000000000e+09    0                  -4.200000000000e+05    0                    0                    0                   2.800000000000e+08
    0                    0                    0                    0                    0                    0                  -3.150000000000e+04    0                    0                    0                    0                    0                   3.150000000000e+04    0                    0                    0                    0                    0                
    0                    0                    0                    0                    0                    0                    0                  -4.200000000000e+02    0                    0                    0                  -4.200000000000e+05    0                   4.200000000000e+02    0                    0                    0                  -4.200000000000e+05
    0                    0                    0                    0                    0                    0                    0                    0                  -5.250000000000e+02    0                   5.250000000000e+05    0                    0                    0                   5.250000000000e+02    0                   5.250000000000e+05    0                
    0                    0                    0                    0                    0                    0                    0                    0                    0                  -4.038461440000e+06    0                    0                    0                    0                    0                   4.038461440000e+06    0                    0                
    0                    0                    0                    0                    0                    0                    0                    0                  -5.250000000000e+05    0                   3.500000000000e+08    0                    0                    0                   5.250000000000e+05    0                   7.000000000000e+08    0                
    0                    0                    0                    0                    0                    0                    0                   4.200000000000e+05    0                    0                    0                   2.800000000000e+08    0                  -4.200000000000e+05    0                    0                    0                   5.600000000000e+08
