% filename: k_002 - Fri Jul 31 10:20:27 2026
% type: matrix 
% rows: 12
% columns: 12
   6.300000000000e+04    0                    0                    0                    0                    0                  -6.300000000000e+04    0                    0                    0                    0                    0                
    0                   2.419200000000e+02    0                    0                    0                   6.048000000000e+05    0                  -2.419200000000e+02    0                    0                    0                   6.048000000000e+05
    0                    0                   1.411200000000e+02    0                  -3.528000000000e+05    0                    0                    0                  -1.411200000000e+02    0                  -3.528000000000e+05    0                
    0                    0                    0                   9.692308275200e+06    0                    0                    0                    0                    0                  -9.692308275200e+06    0                    0                
    0                    0                  -3.528000000000e+05    0                   1.176000000000e+09    0                    0                    0                   3.528000000000e+05    0                   5.880000000000e+08    0                
    0                   6.048000000000e+05    0                    0                    0                   2.016000000000e+09    0                  -6.048000000000e+05    0                    0                    0                   1.008000000000e+09
  -6.300000000000e+04    0                    0                    0                    0                    0                   6.300000000000e+04    0                    0                    0                    0                    0                
    0                  -2.419200000000e+02    0                    0                    0                  -6.048000000000e+05    0                   2.419200000000e+02    0                    0                    0                  -6.048000000000e+05
    0                    0                  -1.411200000000e+02    0                   3.528000000000e+05    0                    0                    0                   1.411200000000e+02    0                   3.528000000000e+05    0                
    0                    0                    0                  -9.692308275200e+06    0                    0                    0                    0                    0                   9.692308275200e+06    0                    0                
    0                    0                  -3.528000000000e+05    0                   5.880000000000e+08    0                    0                    0                   3.528000000000e+05    0                   1.176000000000e+09    0                
    0                   6.048000000000e+05    0                    0                    0                   1.008000000000e+09    0                  -6.048000000000e+05    0                    0                    0                   2.016000000000e+09
