% filename: k_003 - Fri Jul 31 10:20:27 2026
% type: matrix 
% rows: 12
% columns: 12
   1.400000000000e+03    0                    0                    0                    0                  -2.100000000000e+06  -1.400000000000e+03    0                    0                    0                    0                  -2.100000000000e+06
    0                   1.260000000000e+05    0                    0                    0                    0                    0                  -1.260000000000e+05    0                    0                    0                    0                
    0                    0                   8.400000000000e+02   1.260000000000e+06    0                    0                    0                    0                  -8.400000000000e+02   1.260000000000e+06    0                    0                
    0                    0                   1.260000000000e+06   2.520000000000e+09    0                    0                    0                    0                  -1.260000000000e+06   1.260000000000e+09    0                    0                
    0                    0                    0                    0                   1.884615475200e+07    0                    0                    0                    0                    0                  -1.884615475200e+07    0                
  -2.100000000000e+06    0                    0                    0                    0                   4.200000000000e+09   2.100000000000e+06    0                    0                    0                    0                   2.100000000000e+09
  -1.400000000000e+03    0                    0                    0                    0                   2.100000000000e+06   1.400000000000e+03    0                    0                    0                    0                   2.100000000000e+06
    0                  -1.260000000000e+05    0                    0                    0                    0                    0                   1.260000000000e+05    0                    0                    0                    0                
    0                    0                  -8.400000000000e+02  -1.260000000000e+06    0                    0                    0                    0                   8.400000000000e+02  -1.260000000000e+06    0                    0                
    0                    0                   1.260000000000e+06   1.260000000000e+09    0                    0                    0                    0                  -1.260000000000e+06   2.520000000000e+09    0                    0                
    0                    0                    0                    0                  -1.884615475200e+07    0                    0                    0                    0                    0                   1.884615475200e+07    0                
  -2.100000000000e+06    0                    0                    0                    0                   2.100000000000e+09   2.100000000000e+06    0                    0                    0                    0                   4.200000000000e+09
