% filename: Ks - Fri Jul 31 10:20:27 2026

% type: matrix 
% rows: 24
% columns: 24
   1.400000000000e+03    0                    0                    0                    0                  -2.100000000000e+06  -1.400000000000e+03    0                    0                    0                    0                  -2.100000000000e+06    0                    0                    0                    0                    0                    0                    0                    0                    0                    0                    0                    0                
    0                   1.260000000000e+05    0                    0                    0                    0                    0                  -1.260000000000e+05    0                    0                    0                    0                    0                    0                    0                    0                    0                    0                    0                    0                    0                    0                    0                    0                
    0                    0                   8.400000000000e+02   1.260000000000e+06    0                    0                    0                    0                  -8.400000000000e+02   1.260000000000e+06    0                    0                    0                    0                    0                    0                    0                    0                    0                    0                    0                    0                    0                    0                
    0                    0                   1.260000000000e+06   2.520000000000e+09    0                    0                    0                    0                  -1.260000000000e+06   1.260000000000e+09    0                    0                    0                    0                    0                    0                    0                    0                    0                    0                    0                    0                    0                    0                
    0                    0                    0                    0                   1.884615475200e+07    0                    0                    0                    0                    0                  -1.884615475200e+07    0                    0                    0                    0                    0                    0                    0                    0                    0                    0                    0                    0                    0                
  -2.100000000000e+06    0                    0                    0                    0                   4.200000000000e+09   2.100000000000e+06    0                    0                    0                    0                   2.100000000000e+09    0                    0                    0                    0                    0                    0                    0                    0                    0                    0                    0                    0                
  -1.400000000000e+03    0                    0                    0                    0                   2.100000000000e+06   6.440000000000e+04    0                    0                    0                    0                   2.100000000000e+06  -6.300000000000e+04    0                    0                    0                    0                    0                    0                    0                    0                    0                    0                    0                
    0                  -1.260000000000e+05    0                    0                    0                    0                    0                   1.262419200000e+05    0                    0                    0                   6.048000000000e+05    0                  -2.419200000000e+02    0                    0                    0                   6.048000000000e+05    0                    0                    0                    0                    0                    0                
    0                    0                  -8.400000000000e+02  -1.260000000000e+06    0                    0                    0                    0                   9.811200000000e+02  -1.260000000000e+06  -3.528000000000e+05    0                    0                    0                  -1.411200000000e+02    0                  -3.528000000000e+05    0                    0                    0                    0                    0                    0                    0                
    0                    0                   1.260000000000e+06   1.260000000000e+09    0                    0                    0                    0                  -1.260000000000e+06   2.529692308275e+09    0                    0                    0                    0                    0                  -9.692308275200e+06    0                    0                    0                    0                    0                    0                    0                    0                
    0                    0                    0                    0                  -1.884615475200e+07    0                    0                    0                  -3.528000000000e+05    0                   1.194846154752e+09    0                    0                    0                   3.528000000000e+05    0                   5.880000000000e+08    0                    0                    0                    0                    0                    0                    0                
  -2.100000000000e+06    0                    0                    0                    0                   2.100000000000e+09   2.100000000000e+06   6.048000000000e+05    0                    0                    0                   6.216000000000e+09    0                  -6.048000000000e+05    0                    0                    0                   1.008000000000e+09    0                    0                    0                    0                    0                    0                
    0                    0                    0                    0                    0                    0                  -6.300000000000e+04    0                    0                    0                    0                    0                   6.440000000000e+04    0                    0                    0                    0                   2.100000000000e+06  -1.400000000000e+03    0                    0                    0                    0                   2.100000000000e+06
    0                    0                    0                    0                    0                    0                    0                  -2.419200000000e+02    0                    0                    0                  -6.048000000000e+05    0                   1.262419200000e+05    0                    0                    0                  -6.048000000000e+05    0                  -1.260000000000e+05    0                    0                    0                    0                
    0                    0                    0                    0                    0                    0                    0                    0                  -1.411200000000e+02    0                   3.528000000000e+05    0                    0                    0                   9.811200000000e+02  -1.260000000000e+06   3.528000000000e+05    0                    0                    0                  -8.400000000000e+02  -1.260000000000e+06    0                    0                
    0                    0                    0                    0                    0                    0                    0                    0                    0                  -9.692308275200e+06    0                    0                    0                    0                  -1.260000000000e+06   2.529692308275e+09    0                    0                    0                    0                   1.260000000000e+06   1.260000000000e+09    0                    0                
    0                    0                    0                    0                    0                    0                    0                    0                  -3.528000000000e+05    0                   5.880000000000e+08    0                    0                    0                   3.528000000000e+05    0                   1.194846154752e+09    0                    0                    0                    0                    0                  -1.884615475200e+07    0                
    0                    0                    0                    0                    0                    0                    0                   6.048000000000e+05    0                    0                    0                   1.008000000000e+09   2.100000000000e+06  -6.048000000000e+05    0                    0                    0                   6.216000000000e+09  -2.100000000000e+06    0                    0                    0                    0                   2.100000000000e+09
    0                    0                    0                    0                    0                    0                    0                    0                    0                    0                    0                    0                  -1.400000000000e+03    0                    0                    0                    0                  -2.100000000000e+06   1.400000000000e+03    0                    0                    0                    0                  -2.100000000000e+06
    0                    0                    0                    0                    0                    0                    0                    0                    0                    0                    0                    0                    0                  -1.260000000000e+05    0                    0                    0                    0                    0                   1.260000000000e+05    0                    0                    0                    0                
    0                    0                    0                    0                    0                    0                    0                    0                    0                    0                    0                    0                    0                    0                  -8.400000000000e+02   1.260000000000e+06    0                    0                    0                    0                   8.400000000000e+02   1.260000000000e+06    0                    0                
    0                    0                    0                    0                    0                    0                    0                    0                    0                    0                    0                    0                    0                    0                  -1.260000000000e+06   1.260000000000e+09    0                    0                    0                    0                   1.260000000000e+06   2.520000000000e+09    0                    0                
    0                    0                    0                    0                    0                    0                    0                    0                    0                    0                    0                    0                    0                    0                    0                    0                  -1.884615475200e+07    0                    0                    0                    0                    0                   1.884615475200e+07    0                
    0                    0                    0                    0                    0                    0                    0                    0                    0                    0                    0                    0                   2.100000000000e+06    0                    0                    0                    0                   2.100000000000e+09  -2.100000000000e+06    0                    0                    0                    0                   4.200000000000e+09
