% filename: k_009 - Fri Jul 31 10:20:27 2026
% type: matrix 
% rows: 12
% columns: 12
   8.925000000000e+04    0                    0                    0                    0                    0                  -8.925000000000e+04    0                    0                    0                    0                    0                
    0                   6.300000000000e+02    0                    0                    0                   1.260000000000e+06    0                  -6.300000000000e+02    0                    0                    0                   1.260000000000e+06
    0                    0                   3.346875000000e+02    0                  -6.693750000000e+05    0                    0                    0                  -3.346875000000e+02    0                  -6.693750000000e+05    0                
    0                    0                    0                   1.413461606400e+07    0                    0                    0                    0                    0                  -1.413461606400e+07    0                    0                
    0                    0                  -6.693750000000e+05    0                   1.785000000000e+09    0                    0                    0                   6.693750000000e+05    0                   8.925000000000e+08    0                
    0                   1.260000000000e+06    0                    0                    0                   3.360000000000e+09    0                  -1.260000000000e+06    0                    0                    0                   1.680000000000e+09
  -8.925000000000e+04    0                    0                    0                    0                    0                   8.925000000000e+04    0                    0                    0                    0                    0                
    0                  -6.300000000000e+02    0                    0                    0                  -1.260000000000e+06    0                   6.300000000000e+02    0                    0                    0                  -1.260000000000e+06
    0                    0                  -3.346875000000e+02    0                   6.693750000000e+05    0                    0                    0                   3.346875000000e+02    0                   6.693750000000e+05    0                
    0                    0                    0                  -1.413461606400e+07    0                    0                    0                    0                    0                   1.413461606400e+07    0                    0                
    0                    0                  -6.693750000000e+05    0                   8.925000000000e+08    0                    0                    0                   6.693750000000e+05    0                   1.785000000000e+09    0                
    0                   1.260000000000e+06    0                    0                    0                   1.680000000000e+09    0                  -1.260000000000e+06    0                    0                    0                   3.360000000000e+09
