% filename: k_005 - Fri Jul 31 10:20:27 2026
% type: matrix 
% rows: 12
% columns: 12
   2.053333333333e+03    0                    0                    0                    0                  -3.080000000000e+06  -2.053333333333e+03    0                    0                    0                    0                  -3.080000000000e+06
    0                   1.540000000000e+05    0                    0                    0                    0                    0                  -1.540000000000e+05    0                    0                    0                    0                
    0                    0                   1.120000000000e+03   1.680000000000e+06    0                    0                    0                    0                  -1.120000000000e+03   1.680000000000e+06    0                    0                
    0                    0                   1.680000000000e+06   3.360000000000e+09    0                    0                    0                    0                  -1.680000000000e+06   1.680000000000e+09    0                    0                
    0                    0                    0                    0                   2.423077000533e+07    0                    0                    0                    0                    0                  -2.423077000533e+07    0                
  -3.080000000000e+06    0                    0                    0                    0                   6.160000000000e+09   3.080000000000e+06    0                    0                    0                    0                   3.080000000000e+09
  -2.053333333333e+03    0                    0                    0                    0                   3.080000000000e+06   2.053333333333e+03    0                    0                    0                    0                   3.080000000000e+06
    0                  -1.540000000000e+05    0                    0                    0                    0                    0                   1.540000000000e+05    0                    0                    0                    0                
    0                    0                  -1.120000000000e+03  -1.680000000000e+06    0                    0                    0                    0                   1.120000000000e+03  -1.680000000000e+06    0                    0                
    0                    0                   1.680000000000e+06   1.680000000000e+09    0                    0                    0                    0                  -1.680000000000e+06   3.360000000000e+09    0                    0                
    0                    0                    0                    0                  -2.423077000533e+07    0                    0                    0                    0                    0                   2.423077000533e+07    0                
  -3.080000000000e+06    0                    0                    0                    0                   3.080000000000e+09   3.080000000000e+06    0                    0                    0                    0                   6.160000000000e+09
