% filename: Ks - Fri Jul 31 10:20:27 2026

% type: matrix 
% rows: 54
% columns: 54
   2.053333333333e+03    0                    0                    0                    0                  -3.080000000000e+06    0                    0                    0                    0                    0                    0                    0                    0                    0                    0                    0                    0                  -2.053333333333e+03    0                    0                    0                    0                  -3.080000000000e+06    0                    0                    0                    0                    0                    0                    0                    0                    0                    0                    0                    0                    0                    0                    0                    0                    0                    0                    0                    0                    0                    0                    0                    0                    0                    0                    0                    0                    0                    0                
    0                   1.540000000000e+05    0                    0                    0                    0                    0                    0                    0                    0                    0                    0                    0                    0                    0                    0                    0                    0                    0                  -1.540000000000e+05    0                    0                    0                    0                    0                    0                    0                    0                    0                    0                    0                    0                    0                    0                    0                    0                    0                    0                    0                    0                    0                    0                    0                    0                    0                    0                    0                    0                    0                    0                    0                    0                    0                    0                
    0                    0                   1.120000000000e+03   1.680000000000e+06    0                    0                    0                    0                    0                    0                    0                    0                    0                    0                    0                    0                    0                    0                    0                    0                  -1.120000000000e+03   1.680000000000e+06    0                    0                    0                    0                    0                    0                    0                    0                    0                    0                    0                    0                    0                    0                    0                    0                    0                    0                    0                    0                    0                    0                    0                    0                    0                    0                    0                    0                    0                    0                    0                    0                
    0                    0                   1.680000000000e+06   3.360000000000e+09    0                    0                    0                    0                    0                    0                    0                    0                    0                    0                    0                    0                    0                    0                    0                    0                  -1.680000000000e+06   1.680000000000e+09    0                    0                    0                    0                    0                    0                    0                    0                    0                    0                    0                    0                    0                    0                    0                    0                    0                    0                    0                    0                    0                    0                    0                    0                    0                    0                    0                    0                    0                    0                    0                    0                
    0                    0                    0                    0                   2.423077000533e+07    0                    0                    0                    0                    0                    0                    0                    0                    0                    0                    0                    0                    0                    0                    0                    0                    0                  -2.423077000533e+07    0                    0                    0                    0                    0                    0                    0                    0                    0                    0                    0                    0                    0                    0                    0                    0                    0                    0                    0                    0                    0                    0                    0                    0                    0                    0                    0                    0                    0                    0                    0                
  -3.080000000000e+06    0                    0                    0                    0                   6.160000000000e+09    0                    0                    0                    0                    0                    0                    0                    0                    0                    0                    0                    0                   3.080000000000e+06    0                    0                    0                    0                   3.080000000000e+09    0                    0                    0                    0                    0                    0                    0                    0                    0                    0                    0                    0                    0                    0                    0                    0                    0                    0                    0                    0                    0                    0                    0                    0                    0                    0                    0                    0                    0                    0                
    0                    0                    0                    0                    0                    0                   2.053333333333e+03    0                    0                    0                    0                  -3.080000000000e+06    0                    0                    0                    0                    0                    0                    0                    0                    0                    0                    0                    0                  -2.053333333333e+03    0                    0                    0                    0                  -3.080000000000e+06    0                    0                    0                    0                    0                    0                    0                    0                    0                    0                    0                    0                    0                    0                    0                    0                    0                    0                    0                    0                    0                    0                    0                    0                
    0                    0                    0                    0                    0                    0                    0                   1.540000000000e+05    0                    0                    0                    0                    0                    0                    0                    0                    0                    0                    0                    0                    0                    0                    0                    0                    0                  -1.540000000000e+05    0                    0                    0                    0                    0                    0                    0                    0                    0                    0                    0                    0                    0                    0                    0                    0                    0                    0                    0                    0                    0                    0                    0                    0                    0                    0                    0                    0                
    0                    0                    0                    0                    0                    0                    0                    0                   1.120000000000e+03   1.680000000000e+06    0                    0                    0                    0                    0                    0                    0                    0                    0                    0                    0                    0                    0                    0                    0                    0                  -1.120000000000e+03   1.680000000000e+06    0                    0                    0                    0                    0                    0                    0                    0                    0                    0                    0                    0                    0                    0                    0                    0                    0                    0                    0                    0                    0                    0                    0                    0                    0                    0                
    0                    0                    0                    0                    0                    0                    0                    0                   1.680000000000e+06   3.360000000000e+09    0                    0                    0                    0                    0                    0                    0                    0                    0                    0                    0                    0                    0                    0                    0                    0                  -1.680000000000e+06   1.680000000000e+09    0                    0                    0                    0                    0                    0                    0                    0                    0                    0                    0                    0                    0                    0                    0                    0                    0                    0                    0                    0                    0                    0                    0                    0                    0                    0                
    0                    0                    0                    0                    0                    0                    0                    0                    0                    0                   2.423077000533e+07    0                    0                    0                    0                    0                    0                    0                    0                    0                    0                    0                    0                    0                    0                    0                    0                    0                  -2.423077000533e+07    0                    0                    0                    0                    0                    0                    0                    0                    0                    0                    0                    0                    0                    0                    0                    0                    0                    0                    0                    0                    0                    0                    0                    0                    0                
    0                    0                    0                    0                    0                    0                  -3.080000000000e+06    0                    0                    0                    0                   6.160000000000e+09    0                    0                    0                    0                    0                    0                    0                    0                    0                    0                    0                    0                   3.080000000000e+06    0                    0                    0                    0                   3.080000000000e+09    0                    0                    0                    0                    0                    0                    0                    0                    0                    0                    0                    0                    0                    0                    0                    0                    0                    0                    0                    0                    0                    0                    0                    0                
    0                    0                    0                    0                    0                    0                    0                    0                    0                    0                    0                    0                   2.053333333333e+03    0                    0                    0                    0                  -3.080000000000e+06    0                    0                    0                    0                    0                    0                    0                    0                    0                    0                    0                    0                  -2.053333333333e+03    0                    0                    0                    0                  -3.080000000000e+06    0                    0                    0                    0                    0                    0                    0                    0                    0                    0                    0                    0                    0                    0                    0                    0                    0                    0                
    0                    0                    0                    0                    0                    0                    0                    0                    0                    0                    0                    0                    0                   1.540000000000e+05    0                    0                    0                    0                    0                    0                    0                    0                    0                    0                    0                    0                    0                    0                    0                    0                    0                  -1.540000000000e+05    0                    0                    0                    0                    0                    0                    0                    0                    0                    0                    0                    0                    0                    0                    0                    0                    0                    0                    0                    0                    0                    0                
    0                    0                    0                    0                    0                    0                    0                    0                    0                    0                    0                    0                    0                    0                   1.120000000000e+03   1.680000000000e+06    0                    0                    0                    0                    0                    0                    0                    0                    0                    0                    0                    0                    0                    0                    0                    0                  -1.120000000000e+03   1.680000000000e+06    0                    0                    0                    0                    0                    0                    0                    0                    0                    0                    0                    0                    0                    0                    0                    0                    0                    0                    0                    0                
    0                    0                    0                    0                    0                    0                    0                    0                    0                    0                    0                    0                    0                    0                   1.680000000000e+06   3.360000000000e+09    0                    0                    0                    0                    0                    0                    0                    0                    0                    0                    0                    0                    0                    0                    0                    0                  -1.680000000000e+06   1.680000000000e+09    0                    0                    0                    0                    0                    0                    0                    0                    0                    0                    0                    0                    0                    0                    0                    0                    0                    0                    0                    0                
    0                    0                    0                    0                    0                    0                    0                    0                    0                    0                    0                    0                    0                    0                    0                    0                   2.423077000533e+07    0                    0                    0                    0                    0                    0                    0                    0                    0                    0                    0                    0                    0                    0                    0                    0                    0                  -2.423077000533e+07    0                    0                    0                    0                    0                    0                    0                    0                    0                    0                    0                    0                    0                    0                    0                    0                    0                    0                    0                
    0                    0                    0                    0                    0                    0                    0                    0                    0                    0                    0                    0                  -3.080000000000e+06    0                    0                    0                    0                   6.160000000000e+09    0                    0                    0                    0                    0                    0                    0                    0                    0                    0                    0                    0                   3.080000000000e+06    0                    0                    0                    0                   3.080000000000e+09    0                    0                    0                    0                    0                    0                    0                    0                    0                    0                    0                    0                    0                    0                    0                    0                    0                    0                
  -2.053333333333e+03    0                    0                    0                    0                   3.080000000000e+06    0                    0                    0                    0                    0                    0                    0                    0                    0                    0                    0                    0                   9.335666666667e+04    0                    0                    0                    0                    0                  -8.925000000000e+04    0                    0                    0                    0                    0                    0                    0                    0                    0                    0                    0                  -2.053333333333e+03    0                    0                    0                    0                  -3.080000000000e+06    0                    0                    0                    0                    0                    0                    0                    0                    0                    0                    0                    0                
    0                  -1.540000000000e+05    0                    0                    0                    0                    0                    0                    0                    0                    0                    0                    0                    0                    0                    0                    0                    0                    0                   3.086300000000e+05    0                    0                    0                   1.260000000000e+06    0                  -6.300000000000e+02    0                    0                    0                   1.260000000000e+06    0                    0                    0                    0                    0                    0                    0                  -1.540000000000e+05    0                    0                    0                    0                    0                    0                    0                    0                    0                    0                    0                    0                    0                    0                    0                    0                
    0                    0                  -1.120000000000e+03  -1.680000000000e+06    0                    0                    0                    0                    0                    0                    0                    0                    0                    0                    0                    0                    0                    0                    0                    0                   2.574687500000e+03    0                  -6.693750000000e+05    0                    0                    0                  -3.346875000000e+02    0                  -6.693750000000e+05    0                    0                    0                    0                    0                    0                    0                    0                    0                  -1.120000000000e+03   1.680000000000e+06    0                    0                    0                    0                    0                    0                    0                    0                    0                    0                    0                    0                    0                    0                
    0                    0                   1.680000000000e+06   1.680000000000e+09    0                    0                    0                    0                    0                    0                    0                    0                    0                    0                    0                    0                    0                    0                    0                    0                    0                   6.734134616064e+09    0                    0                    0                    0                    0                  -1.413461606400e+07    0                    0                    0                    0                    0                    0                    0                    0                    0                    0                  -1.680000000000e+06   1.680000000000e+09    0                    0                    0                    0                    0                    0                    0                    0                    0                    0                    0                    0                    0                    0                
    0                    0                    0                    0                  -2.423077000533e+07    0                    0                    0                    0                    0                    0                    0                    0                    0                    0                    0                    0                    0                    0                    0                  -6.693750000000e+05    0                   1.833461540011e+09    0                    0                    0                   6.693750000000e+05    0                   8.925000000000e+08    0                    0                    0                    0                    0                    0                    0                    0                    0                    0                    0                  -2.423077000533e+07    0                    0                    0                    0                    0                    0                    0                    0                    0                    0                    0                    0                    0                
  -3.080000000000e+06    0                    0                    0                    0                   3.080000000000e+09    0                    0                    0                    0                    0                    0                    0                    0                    0                    0                    0                    0                    0                   1.260000000000e+06    0                    0                    0                   1.568000000000e+10    0                  -1.260000000000e+06    0                    0                    0                   1.680000000000e+09    0                    0                    0                    0                    0                    0                   3.080000000000e+06    0                    0                    0                    0                   3.080000000000e+09    0                    0                    0                    0                    0                    0                    0                    0                    0                    0                    0                    0                
    0                    0                    0                    0                    0                    0                  -2.053333333333e+03    0                    0                    0                    0                   3.080000000000e+06    0                    0                    0                    0                    0                    0                  -8.925000000000e+04    0                    0                    0                    0                    0                   1.826066666667e+05    0                    0                    0                    0                    0                  -8.925000000000e+04    0                    0                    0                    0                    0                    0                    0                    0                    0                    0                    0                  -2.053333333333e+03    0                    0                    0                    0                  -3.080000000000e+06    0                    0                    0                    0                    0                    0                
    0                    0                    0                    0                    0                    0                    0                  -1.540000000000e+05    0                    0                    0                    0                    0                    0                    0                    0                    0                    0                    0                  -6.300000000000e+02    0                    0                    0                  -1.260000000000e+06    0                   3.092600000000e+05    0                    0                    0                    0                    0                  -6.300000000000e+02    0                    0                    0                   1.260000000000e+06    0                    0                    0                    0                    0                    0                    0                  -1.540000000000e+05    0                    0                    0                    0                    0                    0                    0                    0                    0                    0                
    0                    0                    0                    0                    0                    0                    0                    0                  -1.120000000000e+03  -1.680000000000e+06    0                    0                    0                    0                    0                    0                    0                    0                    0                    0                  -3.346875000000e+02    0                   6.693750000000e+05    0                    0                    0                   2.909375000000e+03    0                    0                    0                    0                    0                  -3.346875000000e+02    0                  -6.693750000000e+05    0                    0                    0                    0                    0                    0                    0                    0                    0                  -1.120000000000e+03   1.680000000000e+06    0                    0                    0                    0                    0                    0                    0                    0                
    0                    0                    0                    0                    0                    0                    0                    0                   1.680000000000e+06   1.680000000000e+09    0                    0                    0                    0                    0                    0                    0                    0                    0                    0                    0                  -1.413461606400e+07    0                    0                    0                    0                    0                   6.748269232128e+09    0                    0                    0                    0                    0                  -1.413461606400e+07    0                    0                    0                    0                    0                    0                    0                    0                    0                    0                  -1.680000000000e+06   1.680000000000e+09    0                    0                    0                    0                    0                    0                    0                    0                
    0                    0                    0                    0                    0                    0                    0                    0                    0                    0                  -2.423077000533e+07    0                    0                    0                    0                    0                    0                    0                    0                    0                  -6.693750000000e+05    0                   8.925000000000e+08    0                    0                    0                    0                    0                   3.618461540011e+09    0                    0                    0                   6.693750000000e+05    0                   8.925000000000e+08    0                    0                    0                    0                    0                    0                    0                    0                    0                    0                    0                  -2.423077000533e+07    0                    0                    0                    0                    0                    0                    0                
    0                    0                    0                    0                    0                    0                  -3.080000000000e+06    0                    0                    0                    0                   3.080000000000e+09    0                    0                    0                    0                    0                    0                    0                   1.260000000000e+06    0                    0                    0                   1.680000000000e+09    0                    0                    0                    0                    0                   1.904000000000e+10    0                  -1.260000000000e+06    0                    0                    0                   1.680000000000e+09    0                    0                    0                    0                    0                    0                   3.080000000000e+06    0                    0                    0                    0                   3.080000000000e+09    0                    0                    0                    0                    0                    0                
    0                    0                    0                    0                    0                    0                    0                    0                    0                    0                    0                    0                  -2.053333333333e+03    0                    0                    0                    0                   3.080000000000e+06    0                    0                    0                    0                    0                    0                  -8.925000000000e+04    0                    0                    0                    0                    0                   9.335666666667e+04    0                    0                    0                    0                    0                    0                    0                    0                    0                    0                    0                    0                    0                    0                    0                    0                    0                  -2.053333333333e+03    0                    0                    0                    0                  -3.080000000000e+06
    0                    0                    0                    0                    0                    0                    0                    0                    0                    0                    0                    0                    0                  -1.540000000000e+05    0                    0                    0                    0                    0                    0                    0                    0                    0                    0                    0                  -6.300000000000e+02    0                    0                    0                  -1.260000000000e+06    0                   3.086300000000e+05    0                    0                    0                  -1.260000000000e+06    0                    0                    0                    0                    0                    0                    0                    0                    0                    0                    0                    0                    0                  -1.540000000000e+05    0                    0                    0                    0                
    0                    0                    0                    0                    0                    0                    0                    0                    0                    0                    0                    0                    0                    0                  -1.120000000000e+03  -1.680000000000e+06    0                    0                    0                    0                    0                    0                    0                    0                    0                    0                  -3.346875000000e+02    0                   6.693750000000e+05    0                    0                    0                   2.574687500000e+03    0                   6.693750000000e+05    0                    0                    0                    0                    0                    0                    0                    0                    0                    0                    0                    0                    0                    0                    0                  -1.120000000000e+03   1.680000000000e+06    0                    0                
    0                    0                    0                    0                    0                    0                    0                    0                    0                    0                    0                    0                    0                    0                   1.680000000000e+06   1.680000000000e+09    0                    0                    0                    0                    0                    0                    0                    0                    0                    0                    0                  -1.413461606400e+07    0                    0                    0                    0                    0                   6.734134616064e+09    0                    0                    0                    0                    0                    0                    0                    0                    0                    0                    0                    0                    0                    0                    0                    0                  -1.680000000000e+06   1.680000000000e+09    0                    0                
    0                    0                    0                    0                    0                    0                    0                    0                    0                    0                    0                    0                    0                    0                    0                    0                  -2.423077000533e+07    0                    0                    0                    0                    0                    0                    0                    0                    0                  -6.693750000000e+05    0                   8.925000000000e+08    0                    0                    0                   6.693750000000e+05    0                   1.833461540011e+09    0                    0                    0                    0                    0                    0                    0                    0                    0                    0                    0                    0                    0                    0                    0                    0                    0                  -2.423077000533e+07    0                
    0                    0                    0                    0                    0                    0                    0                    0                    0                    0                    0                    0                  -3.080000000000e+06    0                    0                    0                    0                   3.080000000000e+09    0                    0                    0                    0                    0                    0                    0                   1.260000000000e+06    0                    0                    0                   1.680000000000e+09    0                  -1.260000000000e+06    0                    0                    0                   1.568000000000e+10    0                    0                    0                    0                    0                    0                    0                    0                    0                    0                    0                    0                   3.080000000000e+06    0                    0                    0                    0                   3.080000000000e+09
    0                    0                    0                    0                    0                    0                    0                    0                    0                    0                    0                    0                    0                    0                    0                    0                    0                    0                  -2.053333333333e+03    0                    0                    0                    0                   3.080000000000e+06    0                    0                    0                    0                    0                    0                    0                    0                    0                    0                    0                    0                   9.130333333333e+04    0                    0                    0                    0                   3.080000000000e+06  -8.925000000000e+04    0                    0                    0                    0                    0                    0                    0                    0                    0                    0                    0                
    0                    0                    0                    0                    0                    0                    0                    0                    0                    0                    0                    0                    0                    0                    0                    0                    0                    0                    0                  -1.540000000000e+05    0                    0                    0                    0                    0                    0                    0                    0                    0                    0                    0                    0                    0                    0                    0                    0                    0                   1.546300000000e+05    0                    0                    0                   1.260000000000e+06    0                  -6.300000000000e+02    0                    0                    0                   1.260000000000e+06    0                    0                    0                    0                    0                    0                
    0                    0                    0                    0                    0                    0                    0                    0                    0                    0                    0                    0                    0                    0                    0                    0                    0                    0                    0                    0                  -1.120000000000e+03  -1.680000000000e+06    0                    0                    0                    0                    0                    0                    0                    0                    0                    0                    0                    0                    0                    0                    0                    0                   1.454687500000e+03  -1.680000000000e+06  -6.693750000000e+05    0                    0                    0                  -3.346875000000e+02    0                  -6.693750000000e+05    0                    0                    0                    0                    0                    0                    0                
    0                    0                    0                    0                    0                    0                    0                    0                    0                    0                    0                    0                    0                    0                    0                    0                    0                    0                    0                    0                   1.680000000000e+06   1.680000000000e+09    0                    0                    0                    0                    0                    0                    0                    0                    0                    0                    0                    0                    0                    0                    0                    0                  -1.680000000000e+06   3.374134616064e+09    0                    0                    0                    0                    0                  -1.413461606400e+07    0                    0                    0                    0                    0                    0                    0                    0                
    0                    0                    0                    0                    0                    0                    0                    0                    0                    0                    0                    0                    0                    0                    0                    0                    0                    0                    0                    0                    0                    0                  -2.423077000533e+07    0                    0                    0                    0                    0                    0                    0                    0                    0                    0                    0                    0                    0                    0                    0                  -6.693750000000e+05    0                   1.809230770005e+09    0                    0                    0                   6.693750000000e+05    0                   8.925000000000e+08    0                    0                    0                    0                    0                    0                    0                
    0                    0                    0                    0                    0                    0                    0                    0                    0                    0                    0                    0                    0                    0                    0                    0                    0                    0                  -3.080000000000e+06    0                    0                    0                    0                   3.080000000000e+09    0                    0                    0                    0                    0                    0                    0                    0                    0                    0                    0                    0                   3.080000000000e+06   1.260000000000e+06    0                    0                    0                   9.520000000000e+09    0                  -1.260000000000e+06    0                    0                    0                   1.680000000000e+09    0                    0                    0                    0                    0                    0                
    0                    0                    0                    0                    0                    0                    0                    0                    0                    0                    0                    0                    0                    0                    0                    0                    0                    0                    0                    0                    0                    0                    0                    0                  -2.053333333333e+03    0                    0                    0                    0                   3.080000000000e+06    0                    0                    0                    0                    0                    0                  -8.925000000000e+04    0                    0                    0                    0                    0                   1.805533333333e+05    0                    0                    0                    0                   3.080000000000e+06  -8.925000000000e+04    0                    0                    0                    0                    0                
    0                    0                    0                    0                    0                    0                    0                    0                    0                    0                    0                    0                    0                    0                    0                    0                    0                    0                    0                    0                    0                    0                    0                    0                    0                  -1.540000000000e+05    0                    0                    0                    0                    0                    0                    0                    0                    0                    0                    0                  -6.300000000000e+02    0                    0                    0                  -1.260000000000e+06    0                   1.552600000000e+05    0                    0                    0                    0                    0                  -6.300000000000e+02    0                    0                    0                   1.260000000000e+06
    0                    0                    0                    0                    0                    0                    0                    0                    0                    0                    0                    0                    0                    0                    0                    0                    0                    0                    0                    0                    0                    0                    0                    0                    0                    0                  -1.120000000000e+03  -1.680000000000e+06    0                    0                    0                    0                    0                    0                    0                    0                    0                    0                  -3.346875000000e+02    0                   6.693750000000e+05    0                    0                    0                   1.789375000000e+03  -1.680000000000e+06    0                    0                    0                    0                  -3.346875000000e+02    0                  -6.693750000000e+05    0                
    0                    0                    0                    0                    0                    0                    0                    0                    0                    0                    0                    0                    0                    0                    0                    0                    0                    0                    0                    0                    0                    0                    0                    0                    0                    0                   1.680000000000e+06   1.680000000000e+09    0                    0                    0                    0                    0                    0                    0                    0                    0                    0                    0                  -1.413461606400e+07    0                    0                    0                    0                  -1.680000000000e+06   3.388269232128e+09    0                    0                    0                    0                    0                  -1.413461606400e+07    0                    0                
    0                    0                    0                    0                    0                    0                    0                    0                    0                    0                    0                    0                    0                    0                    0                    0                    0                    0                    0                    0                    0                    0                    0                    0                    0                    0                    0                    0                  -2.423077000533e+07    0                    0                    0                    0                    0                    0                    0                    0                    0                  -6.693750000000e+05    0                   8.925000000000e+08    0                    0                    0                    0                    0                   3.594230770005e+09    0                    0                    0                   6.693750000000e+05    0                   8.925000000000e+08    0                
    0                    0                    0                    0                    0                    0                    0                    0                    0                    0                    0                    0                    0                    0                    0                    0                    0                    0                    0                    0                    0                    0                    0                    0                  -3.080000000000e+06    0                    0                    0                    0                   3.080000000000e+09    0                    0                    0                    0                    0                    0                    0                   1.260000000000e+06    0                    0                    0                   1.680000000000e+09   3.080000000000e+06    0                    0                    0                    0                   1.288000000000e+10    0                  -1.260000000000e+06    0                    0                    0                   1.680000000000e+09
    0                    0                    0                    0                    0                    0                    0                    0                    0                    0                    0                    0                    0                    0                    0                    0                    0                    0                    0                    0                    0                    0                    0                    0                    0                    0                    0                    0                    0                    0                  -2.053333333333e+03    0                    0                    0                    0                   3.080000000000e+06    0                    0                    0                    0                    0                    0                  -8.925000000000e+04    0                    0                    0                    0                    0                   9.130333333333e+04    0                    0                    0                    0                   3.080000000000e+06
    0                    0                    0                    0                    0                    0                    0                    0                    0                    0                    0                    0                    0                    0                    0                    0                    0                    0                    0                    0                    0                    0                    0                    0                    0                    0                    0                    0                    0                    0                    0                  -1.540000000000e+05    0                    0                    0                    0                    0                    0                    0                    0                    0                    0                    0                  -6.300000000000e+02    0                    0                    0                  -1.260000000000e+06    0                   1.546300000000e+05    0                    0                    0                  -1.260000000000e+06
    0                    0                    0                    0                    0                    0                    0                    0                    0                    0                    0                    0                    0                    0                    0                    0                    0                    0                    0                    0                    0                    0                    0                    0                    0                    0                    0                    0                    0                    0                    0                    0                  -1.120000000000e+03  -1.680000000000e+06    0                    0                    0                    0                    0                    0                    0                    0                    0                    0                  -3.346875000000e+02    0                   6.693750000000e+05    0                    0                    0                   1.454687500000e+03  -1.680000000000e+06   6.693750000000e+05    0                
    0                    0                    0                    0                    0                    0                    0                    0                    0                    0                    0                    0                    0                    0                    0                    0                    0                    0                    0                    0                    0                    0                    0                    0                    0                    0                    0                    0                    0                    0                    0                    0                   1.680000000000e+06   1.680000000000e+09    0                    0                    0                    0                    0                    0                    0                    0                    0                    0                    0                  -1.413461606400e+07    0                    0                    0                    0                  -1.680000000000e+06   3.374134616064e+09    0                    0                
    0                    0                    0                    0                    0                    0                    0                    0                    0                    0                    0                    0                    0                    0                    0                    0                    0                    0                    0                    0                    0                    0                    0                    0                    0                    0                    0                    0                    0                    0                    0                    0                    0                    0                  -2.423077000533e+07    0                    0                    0                    0                    0                    0                    0                    0                    0                  -6.693750000000e+05    0                   8.925000000000e+08    0                    0                    0                   6.693750000000e+05    0                   1.809230770005e+09    0                
    0                    0                    0                    0                    0                    0                    0                    0                    0                    0                    0                    0                    0                    0                    0                    0                    0                    0                    0                    0                    0                    0                    0                    0                    0                    0                    0                    0                    0                    0                  -3.080000000000e+06    0                    0                    0                    0                   3.080000000000e+09    0                    0                    0                    0                    0                    0                    0                   1.260000000000e+06    0                    0                    0                   1.680000000000e+09   3.080000000000e+06  -1.260000000000e+06    0                    0                    0                   9.520000000000e+09
