% filename: k_001 - Fri Jul 31 09:09:17 2026
% type: matrix 
% rows: 12
% columns: 12
   4.999999680000e+08    0                    0                    0                    0                    0                  -4.999999680000e+08    0                    0                    0                    0                    0                
    0                   3.749999908216e-02    0                    0                    0                   7.499999816431e-02    0                  -3.749999908216e-02    0                    0                    0                   7.499999816431e-02
    0                    0                   3.749999908216e-02    0                  -7.499999816431e-02    0                    0                    0                  -3.749999908216e-02    0                  -7.499999816431e-02    0                
    0                    0                    0                   1.999999955297e-02    0                    0                    0                    0                    0                  -1.999999955297e-02    0                    0                
    0                    0                  -7.499999816431e-02    0                   1.999999951048e-01    0                    0                    0                   7.499999816431e-02    0                   9.999999755242e-02    0                
    0                   7.499999816431e-02    0                    0                    0                   1.999999951048e-01    0                  -7.499999816431e-02    0                    0                    0                   9.999999755242e-02
  -4.999999680000e+08    0                    0                    0                    0                    0                   4.999999680000e+08    0                    0                    0                    0                    0                
    0                  -3.749999908216e-02    0                    0                    0                  -7.499999816431e-02    0                   3.749999908216e-02    0                    0                    0                  -7.499999816431e-02
    0                    0                  -3.749999908216e-02    0                   7.499999816431e-02    0                    0                    0                   3.749999908216e-02    0                   7.499999816431e-02    0                
    0                    0                    0                  -1.999999955297e-02    0                    0                    0                    0                    0                   1.999999955297e-02    0                    0                
    0                    0                  -7.499999816431e-02    0                   9.999999755242e-02    0                    0                    0                   7.499999816431e-02    0                   1.999999951048e-01    0                
    0                   7.499999816431e-02    0                    0                    0                   9.999999755242e-02    0                  -7.499999816431e-02    0                    0                    0                   1.999999951048e-01
