% filename: k_003 - Fri Jul 31 09:09:17 2026
% type: matrix 
% rows: 12
% columns: 12
   1.706769725660e+08  -2.560154587723e+08    0                    0                    0                  -7.680464067441e-02  -1.706769725660e+08   2.560154587723e+08    0                    0                    0                  -7.680464067441e-02
  -2.560154587723e+08   3.840231882096e+08    0                    0                    0                  -5.120309378294e-02   2.560154587723e+08  -3.840231882096e+08    0                    0                    0                  -5.120309378294e-02
    0                    0                   5.120309378294e-02   7.680464067441e-02   5.120309378294e-02    0                    0                    0                  -5.120309378294e-02   7.680464067441e-02   5.120309378294e-02    0                
    0                    0                   7.680464067441e-02   1.604363605344e-01   9.216556878754e-02    0                    0                    0                  -7.680464067441e-02   6.997756148885e-02   6.144371256128e-02    0                
    0                    0                   5.120309378294e-02   9.216556878754e-02   8.363171987809e-02    0                    0                    0                  -5.120309378294e-02   6.144371256128e-02   1.877446768778e-02    0                
  -7.680464067441e-02  -5.120309378294e-02    0                    0                    0                   2.218800730594e-01   7.680464067441e-02   5.120309378294e-02    0                    0                    0                   1.109400365297e-01
  -1.706769725660e+08   2.560154587723e+08    0                    0                    0                   7.680464067441e-02   1.706769725660e+08  -2.560154587723e+08    0                    0                    0                   7.680464067441e-02
   2.560154587723e+08  -3.840231882096e+08    0                    0                    0                   5.120309378294e-02  -2.560154587723e+08   3.840231882096e+08    0                    0                    0                   5.120309378294e-02
    0                    0                  -5.120309378294e-02  -7.680464067441e-02  -5.120309378294e-02    0                    0                    0                   5.120309378294e-02  -7.680464067441e-02  -5.120309378294e-02    0                
    0                    0                   7.680464067441e-02   6.997756148885e-02   6.144371256128e-02    0                    0                    0                  -7.680464067441e-02   1.604363605344e-01   9.216556878754e-02    0                
    0                    0                   5.120309378294e-02   6.144371256128e-02   1.877446768778e-02    0                    0                    0                  -5.120309378294e-02   9.216556878754e-02   8.363171987809e-02    0                
  -7.680464067441e-02  -5.120309378294e-02    0                    0                    0                   1.109400365297e-01   7.680464067441e-02   5.120309378294e-02    0                    0                    0                   2.218800730594e-01
