% filename: Ks - Fri Jul 31 09:09:17 2026

% type: matrix 
% rows: 18
% columns: 18
   6.706769405660e+08   2.560154587723e+08    0                    0                    0                  -7.680464067441e-02  -4.999999680000e+08    0                    0                    0                    0                    0                  -1.706769725660e+08  -2.560154587723e+08    0                    0                    0                  -7.680464067441e-02
   2.560154587723e+08   3.840231882471e+08    0                    0                    0                   1.262030919473e-01    0                  -3.749999908216e-02    0                    0                    0                   7.499999816431e-02  -2.560154587723e+08  -3.840231882096e+08    0                    0                    0                   5.120309378294e-02
    0                    0                   8.870309286510e-02   7.680464067441e-02  -1.262030919473e-01    0                    0                    0                  -3.749999908216e-02    0                  -7.499999816431e-02    0                    0                    0                  -5.120309378294e-02   7.680464067441e-02  -5.120309378294e-02    0                
    0                    0                   7.680464067441e-02   1.804363600873e-01  -9.216556878754e-02    0                    0                    0                    0                  -1.999999955297e-02    0                    0                    0                    0                  -7.680464067441e-02   6.997756148885e-02  -6.144371256128e-02    0                
    0                    0                  -1.262030919473e-01  -9.216556878754e-02   2.836317149829e-01    0                    0                    0                   7.499999816431e-02    0                   9.999999755242e-02    0                    0                    0                   5.120309378294e-02  -6.144371256128e-02   1.877446768778e-02    0                
  -7.680464067441e-02   1.262030919473e-01    0                    0                    0                   4.218800681642e-01    0                  -7.499999816431e-02    0                    0                    0                   9.999999755242e-02   7.680464067441e-02  -5.120309378294e-02    0                    0                    0                   1.109400365297e-01
  -4.999999680000e+08    0                    0                    0                    0                    0                   6.706769405660e+08  -2.560154587723e+08    0                    0                    0                  -7.680464067441e-02  -1.706769725660e+08   2.560154587723e+08    0                    0                    0                  -7.680464067441e-02
    0                  -3.749999908216e-02    0                    0                    0                  -7.499999816431e-02  -2.560154587723e+08   3.840231882471e+08    0                    0                    0                  -1.262030919473e-01   2.560154587723e+08  -3.840231882096e+08    0                    0                    0                  -5.120309378294e-02
    0                    0                  -3.749999908216e-02    0                   7.499999816431e-02    0                    0                    0                   8.870309286510e-02   7.680464067441e-02   1.262030919473e-01    0                    0                    0                  -5.120309378294e-02   7.680464067441e-02   5.120309378294e-02    0                
    0                    0                    0                  -1.999999955297e-02    0                    0                    0                    0                   7.680464067441e-02   1.804363600873e-01   9.216556878754e-02    0                    0                    0                  -7.680464067441e-02   6.997756148885e-02   6.144371256128e-02    0                
    0                    0                  -7.499999816431e-02    0                   9.999999755242e-02    0                    0                    0                   1.262030919473e-01   9.216556878754e-02   2.836317149829e-01    0                    0                    0                  -5.120309378294e-02   6.144371256128e-02   1.877446768778e-02    0                
    0                   7.499999816431e-02    0                    0                    0                   9.999999755242e-02  -7.680464067441e-02  -1.262030919473e-01    0                    0                    0                   4.218800681642e-01   7.680464067441e-02   5.120309378294e-02    0                    0                    0                   1.109400365297e-01
  -1.706769725660e+08  -2.560154587723e+08    0                    0                    0                   7.680464067441e-02  -1.706769725660e+08   2.560154587723e+08    0                    0                    0                   7.680464067441e-02   3.413539451321e+08    0                    0                    0                    0                   1.536092813488e-01
  -2.560154587723e+08  -3.840231882096e+08    0                    0                    0                  -5.120309378294e-02   2.560154587723e+08  -3.840231882096e+08    0                    0                    0                   5.120309378294e-02    0                   7.680463764192e+08    0                    0                    0                    0                
    0                    0                  -5.120309378294e-02  -7.680464067441e-02   5.120309378294e-02    0                    0                    0                  -5.120309378294e-02  -7.680464067441e-02  -5.120309378294e-02    0                    0                    0                   1.024061875659e-01  -1.536092813488e-01    0                    0                
    0                    0                   7.680464067441e-02   6.997756148885e-02  -6.144371256128e-02    0                    0                    0                   7.680464067441e-02   6.997756148885e-02   6.144371256128e-02    0                    0                    0                  -1.536092813488e-01   3.208727210687e-01    0                    0                
    0                    0                  -5.120309378294e-02  -6.144371256128e-02   1.877446768778e-02    0                    0                    0                   5.120309378294e-02   6.144371256128e-02   1.877446768778e-02    0                    0                    0                    0                    0                   1.672634397562e-01    0                
  -7.680464067441e-02   5.120309378294e-02    0                    0                    0                   1.109400365297e-01  -7.680464067441e-02  -5.120309378294e-02    0                    0                    0                   1.109400365297e-01   1.536092813488e-01    0                    0                    0                    0                   4.437601461188e-01
