% filename: Ks - Fri Jul 31 08:33:31 2026

% type: matrix 
% rows: 12
% columns: 12
   8.400000000000e+04    0                    0                    0                    0                    0                  -8.400000000000e+04    0                    0                    0                    0                    0                
    0                   5.458089675861e+02    0                    0                    0                   8.187134513792e+05    0                  -5.458089675861e+02    0                    0                    0                   8.187134513792e+05
    0                    0                   7.182118003855e+02    0                  -1.077317700578e+06    0                    0                    0                  -7.182118003855e+02    0                  -1.077317700578e+06    0                
    0                    0                    0                   1.346153949867e+07    0                    0                    0                    0                    0                  -1.346153949867e+07    0                    0                
    0                    0                  -1.077317700578e+06    0                   2.175976550867e+09    0                    0                    0                   1.077317700578e+06    0                   1.055976550867e+09    0                
    0                   8.187134513792e+05    0                    0                    0                   1.648070177069e+09    0                  -8.187134513792e+05    0                    0                    0                   8.080701770687e+08
  -8.400000000000e+04    0                    0                    0                    0                    0                   8.400000000000e+04    0                    0                    0                    0                    0                
    0                  -5.458089675861e+02    0                    0                    0                  -8.187134513792e+05    0                   5.458089675861e+02    0                    0                    0                  -8.187134513792e+05
    0                    0                  -7.182118003855e+02    0                   1.077317700578e+06    0                    0                    0                   7.182118003855e+02    0                   1.077317700578e+06    0                
    0                    0                    0                  -1.346153949867e+07    0                    0                    0                    0                    0                   1.346153949867e+07    0                    0                
    0                    0                  -1.077317700578e+06    0                   1.055976550867e+09    0                    0                    0                   1.077317700578e+06    0                   2.175976550867e+09    0                
    0                   8.187134513792e+05    0                    0                    0                   8.080701770687e+08    0                  -8.187134513792e+05    0                    0                    0                   1.648070177069e+09
